  1.00    1.10000000
  1.20    1.30000000
  1.40    1.50000000
  1.60    1.70000000
  1.80    1.90000000
  2.00    2.10000000
  2.20    2.30000000
  2.40    2.50000000
  2.60    2.70000000
  2.80    2.90000000
  3.00    3.10000000
  3.20    3.30000000
  3.40    3.50000000
  3.60    3.70000000
  3.80    3.90000000
  4.00    4.10000000
  4.20    4.30000000
  4.40    4.50000000
  4.60    4.70000000
  4.80    4.90000000
  5.00    5.10000000
  5.20    5.30000000
  5.40    5.50000000
  5.60    5.70000000
  5.80    5.90000000
  6.00    6.10000000
  6.20    6.30000000
  6.40    6.50000000
  6.60    6.70000000
  6.80    6.90000000
  7.00    7.10000000
  7.20    7.30000000
  7.40    7.50000000
  7.60    7.70000000
  7.80    7.90000000
  8.00    8.10000000
  8.20    8.30000000
  8.40    8.50000000
  8.60    8.70000000
  8.80    8.90000000
  9.00    9.10000000
  9.20    9.30000000
  9.40    9.50000000
  9.60    9.70000000
  9.80    9.90000000
 10.00  